10064 336 7539 454
7910 296 1901 562
7910 296 1901 562
7906 688 1900 452
8860 291 4243 723
9004 576 4264 043
9034 931 4287 312
10064 336 7539 454
10064 336 7539 454
10064 336 7539 454
10064 336 7539 454
10064 336 7539 454
10064 336 7539 454
10058 437 7547 049
10061 290 7568 875
7910 296 1901 562
7910 296 1901 562
7910 296 1901 562
7910 296 1901 562
7910 296 1901 562
7910 296 1901 562
7910 296 1901 562
7910 296 1901 562
7910 296 1901 562
7910 296 1901 562
7910 296 1901 562
7910 296 1901 562
7910 296 1901 562
7910 296 1901 562
7910 296 1901 562
7906 688 1900 452
7906 688 1900 452
7906 688 1900 452
7906 688 1900 452
8860 291 4243 723
8860 291 4243 723
8860 291 4243 723
8860 291 4243 723
10064 336 7539 454
8863 192 4251 306
8905 579 4225 046
8927 206 4220 203
8929 163 4220 117
8956 240 4229 498
8977 902 4243 507
8984 076 4250 038
8988 480 4254 564
8997 962 4261 950
9004 576 4264 043
9008 421 4267 506
9017 120 4274 260
9026 688 4280 454
9034 931 4287 312
9052 562 4298 769
9055 472 4302 061
9058 769 4307 765
9060 488 4312 480
10066 254 7538 826
10064 336 7539 454
10064 336 7539 454
10064 336 7539 454
10064 336 7539 454
10064 336 7539 454
10064 336 7539 454
10064 336 7539 454
10064 336 7539 454
10064 336 7539 454
10064 336 7539 454
10064 336 7539 454
10064 336 7539 454
10064 336 7539 454
10064 336 7539 454
10064 336 7539 454
10064 336 7539 454
10064 336 7539 454
10064 336 7539 454
10058 437 7547 049
10058 437 7547 049
10058 437 7547 049
10058 437 7547 049
10058 437 7547 049
10058 437 7547 049
10058 437 7547 049
10058 437 7547 049
10058 437 7547 049
10058 437 7547 049
10058 437 7547 049
10058 437 7547 049
10061 290 7568 875
10062 065 7577 349
10064 336 7539 454
8097 840 4523 081
8903 291 4224 363
8897 680 4147 887
8898 646 4139 446
8895 569 4142 014
8890 569 4144 724
8892 008 4161 522
7907 513 1895 545
7910 194 1899 675
7910 248 1900 512
7910 296 1901 562
7910 296 1901 562