8538.405 4149.317 146.058
8539.747 4148.125 146.487
8506.960 4154.757 144.377
8508.711 4154.344 144.615
8533.048 4149.369 145.254
8533.048 4149.369 145.254
8531.242 4144.181 145.108
8535.505 4148.569 145.499
8539.186 4148.542 146.296
8539.469 4148.325 146.397
8539.469 4148.325 146.397
8577.311 4147.115 158.549
8609.457 4165.378 165.921
8474.479 4148.437 138.764
8893.961 4253.027 138.075
8893.961 4253.027 138.075
8887.633 4250.784 138.104
8831.561 4238.237 135.447
8829.604 4240.448 135.466
8830.388 4241.388 135.973
8827.547 4240.572 136.264
8770.025 4154.421 134.052
8771.314 4160.989 136.677
8769.757 4160.883 136.819
8765.948 4161.697 136.953
8765.080 4161.951 136.894
8728.248 4162.675 141.600
8719.269 4159.674 140.799
8701.021 4154.559 140.443
8679.253 4193.244 164.514
8671.964 4197.883 165.123
8641.750 4183.635 171.553
8642.250 4183.098 171.551
8641.398 4186.262 171.500
8638.992 4185.487 171.700
8625.376 4178.507 171.444
8617.758 4169.250 168.750
9024.600 2485.252 89.230
